tag,motor,duty,v_batt,v_eff,ticks,dt_s,mmps
coarse_fwd_up,A,0.0500,11.624,0.5812,0,1.0000,0.00
coarse_fwd_up,A,0.1000,11.618,1.1618,0,1.0000,0.00
coarse_fwd_up,A,0.1500,11.606,1.7409,0,1.0000,0.00
coarse_fwd_up,A,0.2000,11.597,2.3194,1,1.0000,0.53
coarse_fwd_up,A,0.2500,11.586,2.8964,775,1.0000,412.12
coarse_fwd_up,A,0.3000,11.577,3.4732,1356,1.0000,721.10
coarse_fwd_up,A,0.3500,11.577,4.0518,1774,1.0000,943.38
coarse_fwd_up,A,0.4000,11.564,4.6256,2108,1.0000,1120.93
coarse_fwd_up,A,0.4500,11.567,5.2050,2381,1.0000,1266.14
coarse_fwd_up,A,0.5000,11.556,5.7779,2598,1.0000,1381.53
coarse_fwd_up,A,0.5500,11.555,6.3552,2767,1.0000,1471.35
coarse_fwd_up,A,0.6000,11.550,6.9302,2921,1.0000,1553.35
coarse_fwd_up,A,0.6500,11.551,7.5080,3035,1.0000,1613.92
coarse_fwd_up,A,0.7000,11.552,8.0862,3144,1.0000,1671.94
coarse_fwd_up,A,0.7500,11.552,8.6638,3257,1.0001,1731.83
coarse_fwd_up,A,0.8000,11.546,9.2367,3340,1.0001,1775.99
coarse_fwd_up,A,0.8500,11.545,9.8131,3410,1.0000,1813.27
coarse_fwd_up,A,0.9000,11.543,10.3884,3476,1.0000,1848.49
coarse_fwd_up,A,0.9500,11.543,10.9660,3556,1.0000,1890.95
coarse_fwd_up,A,1.0000,11.532,11.5324,3795,1.0000,2018.00
coarse_fwd_dn,A,1.0000,11.540,11.5397,3800,1.0000,2020.72
coarse_fwd_dn,A,0.9500,11.535,10.9580,3559,1.0000,1892.56
coarse_fwd_dn,A,0.9000,11.540,10.3861,3485,1.0000,1853.28
coarse_fwd_dn,A,0.8500,11.545,9.8133,3419,1.0000,1818.04
coarse_fwd_dn,A,0.8000,11.547,9.2378,3348,1.0000,1780.41
coarse_fwd_dn,A,0.7500,11.549,8.6615,3277,1.0000,1742.55
coarse_fwd_dn,A,0.7000,11.551,8.0856,3193,1.0000,1697.99
coarse_fwd_dn,A,0.6500,11.546,7.5051,3092,1.0000,1644.23
coarse_fwd_dn,A,0.6000,11.550,6.9302,2979,1.0000,1584.09
coarse_fwd_dn,A,0.5500,11.554,6.3547,2836,1.0000,1508.09
coarse_fwd_dn,A,0.5000,11.556,5.7781,2671,1.0000,1420.40
coarse_fwd_dn,A,0.4500,11.565,5.2044,2463,1.0000,1309.75
coarse_fwd_dn,A,0.4000,11.562,4.6250,2206,1.0000,1173.08
coarse_fwd_dn,A,0.3500,11.574,4.0509,1849,1.0000,983.21
coarse_fwd_dn,A,0.3000,11.571,3.4713,1446,1.0000,768.94
coarse_fwd_dn,A,0.2500,11.581,2.8952,961,1.0000,511.01
coarse_fwd_dn,A,0.2000,11.590,2.3180,377,1.0000,200.48
coarse_fwd_dn,A,0.1500,11.597,1.7395,0,0.9999,0.00
coarse_fwd_dn,A,0.1000,11.611,1.1611,0,1.0000,0.00
coarse_fwd_dn,A,0.0500,11.620,0.5810,0,1.0000,0.00
crawl_fwd_up,A,0.0050,11.615,0.0581,0,0.9999,0.00
crawl_fwd_up,A,0.0100,11.621,0.1162,0,1.0000,0.00
crawl_fwd_up,A,0.0150,11.619,0.1743,0,1.0000,0.00
crawl_fwd_up,A,0.0200,11.616,0.2323,0,1.0000,0.00
crawl_fwd_up,A,0.0250,11.619,0.2905,0,1.0000,0.00
crawl_fwd_up,A,0.0300,11.607,0.3482,0,1.0000,0.00
crawl_fwd_up,A,0.0350,11.623,0.4068,0,1.0000,0.00
crawl_fwd_up,A,0.0400,11.616,0.4647,0,1.0000,0.00
crawl_fwd_up,A,0.0450,11.616,0.5227,0,1.0000,0.00
crawl_fwd_up,A,0.0500,11.613,0.5806,0,1.0000,0.00
crawl_fwd_up,A,0.0550,11.618,0.6390,0,1.0000,0.00
crawl_fwd_up,A,0.0600,11.611,0.6966,0,1.0000,0.00
crawl_fwd_up,A,0.0650,11.617,0.7551,0,1.0000,0.00
crawl_fwd_up,A,0.0700,11.611,0.8128,0,1.0000,0.00
crawl_fwd_up,A,0.0750,11.616,0.8712,0,1.0000,0.00
crawl_fwd_up,A,0.0800,11.613,0.9290,0,1.0000,0.00
crawl_fwd_up,A,0.0850,11.611,0.9870,0,1.0000,0.00
crawl_fwd_up,A,0.0900,11.608,1.0447,0,1.0000,0.00
crawl_fwd_up,A,0.0950,11.615,1.1034,0,1.0000,0.00
crawl_fwd_up,A,0.1000,11.614,1.1614,0,1.0000,0.00
crawl_fwd_up,A,0.1050,11.600,1.2180,0,1.0000,0.00
crawl_fwd_up,A,0.1100,11.604,1.2764,0,1.0000,0.00
crawl_fwd_up,A,0.1150,11.610,1.3352,0,1.0000,0.00
crawl_fwd_up,A,0.1200,11.602,1.3922,0,1.0000,0.00
crawl_fwd_up,A,0.1250,11.607,1.4508,0,1.0000,0.00
crawl_fwd_up,A,0.1300,11.595,1.5074,0,0.9999,0.00
crawl_fwd_up,A,0.1350,11.605,1.5667,0,1.0000,0.00
crawl_fwd_up,A,0.1400,11.608,1.6251,0,1.0000,0.00
crawl_fwd_up,A,0.1450,11.597,1.6816,0,1.0000,0.00
crawl_fwd_up,A,0.1500,11.609,1.7413,0,1.0000,0.00
crawl_fwd_up,A,0.1550,11.600,1.7981,0,1.0000,0.00
crawl_fwd_up,A,0.1600,11.607,1.8571,0,1.0000,0.00
crawl_fwd_up,A,0.1650,11.602,1.9143,0,1.0000,0.00
crawl_fwd_up,A,0.1700,11.600,1.9721,0,1.0000,0.00
crawl_fwd_up,A,0.1750,11.601,2.0301,0,1.0000,0.00
crawl_fwd_up,A,0.1800,11.595,2.0871,0,1.0000,0.00
crawl_fwd_up,A,0.1850,11.595,2.1451,0,1.0000,0.00
crawl_fwd_up,A,0.1900,11.592,2.2024,0,1.0000,0.00
crawl_fwd_up,A,0.1950,11.594,2.2609,0,1.0000,0.00
crawl_fwd_up,A,0.2000,11.599,2.3198,0,1.0000,0.00
crawl_fwd_dn,A,0.2000,11.604,2.3208,0,1.0000,0.00
crawl_fwd_dn,A,0.1950,11.601,2.2621,0,1.0000,0.00
crawl_fwd_dn,A,0.1900,11.599,2.2039,0,1.0000,0.00
crawl_fwd_dn,A,0.1850,11.597,2.1455,0,1.0000,0.00
crawl_fwd_dn,A,0.1800,11.592,2.0866,0,1.0000,0.00
crawl_fwd_dn,A,0.1750,11.601,2.0302,0,1.0000,0.00
crawl_fwd_dn,A,0.1700,11.597,1.9715,0,1.0000,0.00
crawl_fwd_dn,A,0.1650,11.597,1.9135,0,1.0000,0.00
crawl_fwd_dn,A,0.1600,11.593,1.8548,0,1.0000,0.00
crawl_fwd_dn,A,0.1550,11.603,1.7984,0,1.0000,0.00
crawl_fwd_dn,A,0.1500,11.610,1.7415,0,1.0000,0.00
crawl_fwd_dn,A,0.1450,11.607,1.6830,0,1.0000,0.00
crawl_fwd_dn,A,0.1400,11.606,1.6248,0,1.0000,0.00
crawl_fwd_dn,A,0.1350,11.605,1.5667,0,1.0000,0.00
crawl_fwd_dn,A,0.1300,11.614,1.5098,0,1.0000,0.00
crawl_fwd_dn,A,0.1250,11.607,1.4508,0,1.0000,0.00
crawl_fwd_dn,A,0.1200,11.608,1.3930,0,1.0000,0.00
crawl_fwd_dn,A,0.1150,11.605,1.3346,0,1.0000,0.00
crawl_fwd_dn,A,0.1100,11.608,1.2768,0,1.0000,0.00
crawl_fwd_dn,A,0.1050,11.610,1.2190,0,1.0000,0.00
crawl_fwd_dn,A,0.1000,11.608,1.1608,0,1.0000,0.00
crawl_fwd_dn,A,0.0950,11.609,1.1029,0,1.0000,0.00
crawl_fwd_dn,A,0.0900,11.607,1.0447,0,1.0000,0.00
crawl_fwd_dn,A,0.0850,11.610,0.9869,0,1.0000,0.00
crawl_fwd_dn,A,0.0800,11.609,0.9287,0,1.0000,0.00
crawl_fwd_dn,A,0.0750,11.616,0.8712,0,1.0000,0.00
crawl_fwd_dn,A,0.0700,11.607,0.8125,0,1.0000,0.00
crawl_fwd_dn,A,0.0650,11.615,0.7550,0,1.0000,0.00
crawl_fwd_dn,A,0.0600,11.609,0.6966,0,1.0000,0.00
crawl_fwd_dn,A,0.0550,11.609,0.6385,0,1.0000,0.00
crawl_fwd_dn,A,0.0500,11.618,0.5809,0,1.0000,0.00
crawl_fwd_dn,A,0.0450,11.614,0.5227,0,1.0000,0.00
crawl_fwd_dn,A,0.0400,11.620,0.4648,0,1.0000,0.00
crawl_fwd_dn,A,0.0350,11.615,0.4065,0,1.0000,0.00
crawl_fwd_dn,A,0.0300,11.612,0.3484,0,1.0000,0.00
crawl_fwd_dn,A,0.0250,11.621,0.2905,0,1.0000,0.00
crawl_fwd_dn,A,0.0200,11.610,0.2322,0,0.9999,0.00
crawl_fwd_dn,A,0.0150,11.619,0.1743,0,1.0000,0.00
crawl_fwd_dn,A,0.0100,11.613,0.1161,0,1.0000,0.00
crawl_fwd_dn,A,0.0050,11.619,0.0581,0,1.0000,0.00
coarse_rev_up,A,-0.0500,11.620,-0.5810,0,1.0000,0.00
coarse_rev_up,A,-0.1000,11.611,-1.1611,0,1.0000,0.00
coarse_rev_up,A,-0.1500,11.603,-1.7405,-1,1.0000,-0.53
coarse_rev_up,A,-0.2000,11.591,-2.3182,-2,1.0000,-1.06
coarse_rev_up,A,-0.2500,11.574,-2.8934,0,1.0000,0.00
coarse_rev_up,A,-0.3000,11.576,-3.4727,-1076,1.0001,-572.15
coarse_rev_up,A,-0.3500,11.562,-4.0468,-1635,1.0000,-869.42
coarse_rev_up,A,-0.4000,11.570,-4.6281,-2010,1.0001,-1068.78
coarse_rev_up,A,-0.4500,11.559,-5.2015,-2294,1.0000,-1219.92
coarse_rev_up,A,-0.5000,11.550,-5.7752,-2533,1.0000,-1346.97
coarse_rev_up,A,-0.5500,11.546,-6.3505,-2734,1.0000,-1453.86
coarse_rev_up,A,-0.6000,11.545,-6.9268,-2898,1.0000,-1541.06
coarse_rev_up,A,-0.6500,11.544,-7.5039,-3033,1.0001,-1612.75
coarse_rev_up,A,-0.7000,11.541,-8.0790,-3154,1.0000,-1677.20
coarse_rev_up,A,-0.7500,11.537,-8.6530,-3258,0.9999,-1732.61
coarse_rev_up,A,-0.8000,11.543,-9.2347,-3341,1.0000,-1776.64
coarse_rev_up,A,-0.8500,11.534,-9.8040,-3415,1.0000,-1816.05
coarse_rev_up,A,-0.9000,11.537,-10.3836,-3491,1.0000,-1856.40
coarse_rev_up,A,-0.9500,11.547,-10.9696,-3585,1.0000,-1906.39
coarse_rev_up,A,-1.0000,11.533,-11.5335,-3856,1.0000,-2050.41
coarse_rev_dn,A,-1.0000,11.538,-11.5384,-3858,1.0000,-2051.65
coarse_rev_dn,A,-0.9500,11.546,-10.9684,-3606,1.0000,-1917.50
coarse_rev_dn,A,-0.9000,11.551,-10.3961,-3519,1.0000,-1871.24
coarse_rev_dn,A,-0.8500,11.548,-9.8158,-3451,1.0000,-1835.07
coarse_rev_dn,A,-0.8000,11.548,-9.2381,-3382,1.0000,-1798.50
coarse_rev_dn,A,-0.7500,11.553,-8.6649,-3308,1.0000,-1759.09
coarse_rev_dn,A,-0.7000,11.547,-8.0826,-3214,1.0000,-1709.11
coarse_rev_dn,A,-0.6500,11.550,-7.5078,-3106,1.0000,-1651.70
coarse_rev_dn,A,-0.6000,11.566,-6.9399,-2983,1.0000,-1586.26
coarse_rev_dn,A,-0.5500,11.567,-6.3620,-2836,0.9999,-1508.17
coarse_rev_dn,A,-0.5000,11.567,-5.7837,-2628,1.0000,-1397.44
coarse_rev_dn,A,-0.4500,11.562,-5.2028,-2398,1.0000,-1275.14
coarse_rev_dn,A,-0.4000,11.566,-4.6266,-2145,1.0000,-1140.64
coarse_rev_dn,A,-0.3500,11.577,-4.0521,-1811,1.0000,-963.00
coarse_rev_dn,A,-0.3000,11.588,-3.4764,-1402,1.0000,-745.54
coarse_rev_dn,A,-0.2500,11.587,-2.8969,-914,1.0000,-486.02
coarse_rev_dn,A,-0.2000,11.596,-2.3193,-308,1.0000,-163.78
coarse_rev_dn,A,-0.1500,11.604,-1.7406,0,1.0000,0.00
coarse_rev_dn,A,-0.1000,11.608,-1.1608,0,1.0000,0.00
coarse_rev_dn,A,-0.0500,11.616,-0.5808,0,1.0000,0.00
crawl_rev_up,A,-0.0050,11.617,-0.0581,0,1.0000,0.00
crawl_rev_up,A,-0.0100,11.620,-0.1162,0,1.0000,0.00
crawl_rev_up,A,-0.0150,11.616,-0.1742,0,1.0000,0.00
crawl_rev_up,A,-0.0200,11.618,-0.2324,0,1.0000,0.00
crawl_rev_up,A,-0.0250,11.616,-0.2904,0,1.0000,0.00
crawl_rev_up,A,-0.0300,11.624,-0.3487,0,1.0000,0.00
crawl_rev_up,A,-0.0350,11.615,-0.4065,0,1.0000,0.00
crawl_rev_up,A,-0.0400,11.612,-0.4645,0,1.0000,0.00
crawl_rev_up,A,-0.0450,11.616,-0.5227,0,1.0000,0.00
crawl_rev_up,A,-0.0500,11.619,-0.5809,0,1.0000,0.00
crawl_rev_up,A,-0.0550,11.620,-0.6391,0,1.0000,0.00
crawl_rev_up,A,-0.0600,11.611,-0.6967,0,1.0000,0.00
crawl_rev_up,A,-0.0650,11.613,-0.7548,0,1.0000,0.00
crawl_rev_up,A,-0.0700,11.615,-0.8130,0,1.0000,0.00
crawl_rev_up,A,-0.0750,11.616,-0.8712,0,1.0000,0.00
crawl_rev_up,A,-0.0800,11.618,-0.9295,0,1.0000,0.00
crawl_rev_up,A,-0.0850,11.615,-0.9873,0,1.0000,0.00
crawl_rev_up,A,-0.0900,11.610,-1.0449,0,1.0000,0.00
crawl_rev_up,A,-0.0950,11.610,-1.1030,0,1.0000,0.00
crawl_rev_up,A,-0.1000,11.616,-1.1616,0,1.0000,0.00
crawl_rev_up,A,-0.1050,11.611,-1.2191,0,1.0000,0.00
crawl_rev_up,A,-0.1100,11.607,-1.2768,0,1.0000,0.00
crawl_rev_up,A,-0.1150,11.617,-1.3360,0,1.0000,0.00
crawl_rev_up,A,-0.1200,11.616,-1.3939,0,1.0000,0.00
crawl_rev_up,A,-0.1250,11.615,-1.4519,0,1.0000,0.00
crawl_rev_up,A,-0.1300,11.611,-1.5095,0,1.0000,0.00
crawl_rev_up,A,-0.1350,11.604,-1.5665,0,1.0000,0.00
crawl_rev_up,A,-0.1400,11.611,-1.6255,0,1.0000,0.00
crawl_rev_up,A,-0.1450,11.609,-1.6833,0,1.0000,0.00
crawl_rev_up,A,-0.1500,11.612,-1.7419,0,1.0000,0.00
crawl_rev_up,A,-0.1550,11.606,-1.7989,0,1.0000,0.00
crawl_rev_up,A,-0.1600,11.603,-1.8565,0,1.0000,0.00
crawl_rev_up,A,-0.1650,11.604,-1.9146,0,1.0000,0.00
crawl_rev_up,A,-0.1700,11.605,-1.9729,0,1.0000,0.00
crawl_rev_up,A,-0.1750,11.599,-2.0298,0,1.0000,0.00
crawl_rev_up,A,-0.1800,11.602,-2.0884,0,1.0000,0.00
crawl_rev_up,A,-0.1850,11.603,-2.1465,0,1.0000,0.00
crawl_rev_up,A,-0.1900,11.602,-2.2045,0,1.0000,0.00
crawl_rev_up,A,-0.1950,11.604,-2.2627,0,1.0000,0.00
crawl_rev_up,A,-0.2000,11.605,-2.3210,0,1.0000,0.00
crawl_rev_dn,A,-0.2000,11.602,-2.3204,0,1.0000,0.00
crawl_rev_dn,A,-0.1950,11.597,-2.2614,0,1.0000,0.00
crawl_rev_dn,A,-0.1900,11.607,-2.2053,0,1.0000,0.00
crawl_rev_dn,A,-0.1850,11.601,-2.1461,0,1.0000,0.00
crawl_rev_dn,A,-0.1800,11.605,-2.0889,0,1.0000,0.00
crawl_rev_dn,A,-0.1750,11.608,-2.0314,0,1.0000,0.00
crawl_rev_dn,A,-0.1700,11.606,-1.9730,0,1.0000,0.00
crawl_rev_dn,A,-0.1650,11.607,-1.9151,0,1.0000,0.00
crawl_rev_dn,A,-0.1600,11.605,-1.8568,0,1.0000,0.00
crawl_rev_dn,A,-0.1550,11.611,-1.7997,0,1.0000,0.00
crawl_rev_dn,A,-0.1500,11.605,-1.7408,0,1.0000,0.00
crawl_rev_dn,A,-0.1450,11.610,-1.6834,0,1.0000,0.00
crawl_rev_dn,A,-0.1400,11.606,-1.6249,0,1.0000,0.00
crawl_rev_dn,A,-0.1350,11.609,-1.5673,0,1.0000,0.00
crawl_rev_dn,A,-0.1300,11.615,-1.5100,0,1.0000,0.00
crawl_rev_dn,A,-0.1250,11.612,-1.4515,0,1.0000,0.00
crawl_rev_dn,A,-0.1200,11.610,-1.3932,0,1.0000,0.00
crawl_rev_dn,A,-0.1150,11.618,-1.3360,0,0.9999,0.00
crawl_rev_dn,A,-0.1100,11.612,-1.2773,0,1.0000,0.00
crawl_rev_dn,A,-0.1050,11.609,-1.2189,0,1.0000,0.00
crawl_rev_dn,A,-0.1000,11.612,-1.1612,0,1.0000,0.00
crawl_rev_dn,A,-0.0950,11.613,-1.1033,0,1.0000,0.00
crawl_rev_dn,A,-0.0900,11.617,-1.0456,0,1.0000,0.00
crawl_rev_dn,A,-0.0850,11.613,-0.9871,0,1.0000,0.00
crawl_rev_dn,A,-0.0800,11.614,-0.9291,0,1.0000,0.00
crawl_rev_dn,A,-0.0750,11.616,-0.8712,0,1.0000,0.00
crawl_rev_dn,A,-0.0700,11.617,-0.8132,0,1.0000,0.00
crawl_rev_dn,A,-0.0650,11.616,-0.7551,0,1.0000,0.00
crawl_rev_dn,A,-0.0600,11.616,-0.6969,0,1.0000,0.00
crawl_rev_dn,A,-0.0550,11.612,-0.6387,0,1.0000,0.00
crawl_rev_dn,A,-0.0500,11.618,-0.5809,0,1.0000,0.00
crawl_rev_dn,A,-0.0450,11.618,-0.5228,0,1.0000,0.00
crawl_rev_dn,A,-0.0400,11.619,-0.4647,0,1.0000,0.00
crawl_rev_dn,A,-0.0350,11.625,-0.4069,0,1.0000,0.00
crawl_rev_dn,A,-0.0300,11.620,-0.3486,0,1.0000,0.00
crawl_rev_dn,A,-0.0250,11.622,-0.2906,0,1.0000,0.00
crawl_rev_dn,A,-0.0200,11.623,-0.2325,0,1.0000,0.00
crawl_rev_dn,A,-0.0150,11.615,-0.1742,0,1.0000,0.00
crawl_rev_dn,A,-0.0100,11.622,-0.1162,0,1.0000,0.00
crawl_rev_dn,A,-0.0050,11.624,-0.0581,0,1.0000,0.00
coarse_fwd_up,B,0.0500,11.621,0.5810,0,1.0000,0.00
coarse_fwd_up,B,0.1000,11.618,1.1618,0,1.0000,0.00
coarse_fwd_up,B,0.1500,11.603,1.7404,0,1.0000,0.00
coarse_fwd_up,B,0.2000,11.595,2.3189,1,1.0000,0.53
coarse_fwd_up,B,0.2500,11.582,2.8955,0,1.0000,0.00
coarse_fwd_up,B,0.3000,11.579,3.4737,1352,1.0000,718.95
coarse_fwd_up,B,0.3500,11.575,4.0513,1906,1.0000,1013.55
coarse_fwd_up,B,0.4000,11.573,4.6292,2248,1.0000,1195.38
coarse_fwd_up,B,0.4500,11.574,5.2081,2516,1.0000,1337.86
coarse_fwd_up,B,0.5000,11.570,5.7851,2730,1.0000,1451.73
coarse_fwd_up,B,0.5500,11.566,6.3613,2907,1.0000,1545.85
coarse_fwd_up,B,0.6000,11.556,6.9338,3094,1.0000,1645.29
coarse_fwd_up,B,0.6500,11.567,7.5186,3212,1.0000,1708.04
coarse_fwd_up,B,0.7000,11.560,8.0919,3306,1.0000,1758.08
coarse_fwd_up,B,0.7500,11.564,8.6728,3384,1.0000,1799.51
coarse_fwd_up,B,0.8000,11.550,9.2403,3458,1.0000,1838.85
coarse_fwd_up,B,0.8500,11.553,9.8204,3522,1.0000,1872.89
coarse_fwd_up,B,0.9000,11.553,10.3981,3585,1.0000,1906.46
coarse_fwd_up,B,0.9500,11.554,10.9765,3666,1.0000,1949.47
coarse_fwd_up,B,1.0000,11.550,11.5495,3894,1.0000,2070.65
coarse_fwd_dn,B,1.0000,11.543,11.5427,3892,1.0000,2069.65
coarse_fwd_dn,B,0.9500,11.555,10.9776,3668,1.0000,1950.59
coarse_fwd_dn,B,0.9000,11.559,10.4031,3588,1.0000,1907.92
coarse_fwd_dn,B,0.8500,11.551,9.8184,3524,1.0000,1874.01
coarse_fwd_dn,B,0.8000,11.554,9.2429,3461,1.0000,1840.45
coarse_fwd_dn,B,0.7500,11.559,8.6694,3389,1.0000,1802.17
coarse_fwd_dn,B,0.7000,11.555,8.0886,3306,1.0000,1758.00
coarse_fwd_dn,B,0.6500,11.561,7.5146,3209,1.0000,1706.45
coarse_fwd_dn,B,0.6000,11.556,6.9333,3095,1.0000,1645.77
coarse_fwd_dn,B,0.5500,11.564,6.3604,2958,1.0000,1573.02
coarse_fwd_dn,B,0.5000,11.562,5.7809,2784,1.0000,1480.44
coarse_fwd_dn,B,0.4500,11.564,5.2037,2582,1.0000,1373.03
coarse_fwd_dn,B,0.4000,11.569,4.6274,2320,1.0000,1233.75
coarse_fwd_dn,B,0.3500,11.573,4.0504,2007,1.0000,1067.26
coarse_fwd_dn,B,0.3000,11.577,3.4730,1577,1.0000,838.60
coarse_fwd_dn,B,0.2500,11.581,2.8953,1052,1.0000,559.42
coarse_fwd_dn,B,0.2000,11.585,2.3171,468,1.0000,248.86
coarse_fwd_dn,B,0.1500,11.601,1.7402,0,1.0000,0.00
coarse_fwd_dn,B,0.1000,11.609,1.1609,0,1.0000,0.00
coarse_fwd_dn,B,0.0500,11.609,0.5804,0,1.0000,0.00
crawl_fwd_up,B,0.0050,11.616,0.0581,0,1.0000,0.00
crawl_fwd_up,B,0.0100,11.608,0.1161,0,1.0000,0.00
crawl_fwd_up,B,0.0150,11.615,0.1742,0,1.0000,0.00
crawl_fwd_up,B,0.0200,11.614,0.2323,0,1.0000,0.00
crawl_fwd_up,B,0.0250,11.613,0.2903,0,1.0000,0.00
crawl_fwd_up,B,0.0300,11.619,0.3486,0,1.0000,0.00
crawl_fwd_up,B,0.0350,11.618,0.4066,0,1.0000,0.00
crawl_fwd_up,B,0.0400,11.611,0.4645,0,1.0000,0.00
crawl_fwd_up,B,0.0450,11.610,0.5224,0,1.0000,0.00
crawl_fwd_up,B,0.0500,11.618,0.5809,0,1.0000,0.00
crawl_fwd_up,B,0.0550,11.608,0.6384,0,1.0000,0.00
crawl_fwd_up,B,0.0600,11.610,0.6966,0,1.0000,0.00
crawl_fwd_up,B,0.0650,11.615,0.7550,0,1.0000,0.00
crawl_fwd_up,B,0.0700,11.609,0.8126,0,1.0000,0.00
crawl_fwd_up,B,0.0750,11.615,0.8711,0,1.0000,0.00
crawl_fwd_up,B,0.0800,11.611,0.9289,0,1.0000,0.00
crawl_fwd_up,B,0.0850,11.613,0.9871,0,1.0000,0.00
crawl_fwd_up,B,0.0900,11.607,1.0446,0,1.0000,0.00
crawl_fwd_up,B,0.0950,11.606,1.1025,0,1.0000,0.00
crawl_fwd_up,B,0.1000,11.609,1.1609,0,1.0000,0.00
crawl_fwd_up,B,0.1050,11.612,1.2193,0,1.0000,0.00
crawl_fwd_up,B,0.1100,11.613,1.2775,0,1.0000,0.00
crawl_fwd_up,B,0.1150,11.610,1.3352,0,1.0000,0.00
crawl_fwd_up,B,0.1200,11.606,1.3927,0,1.0000,0.00
crawl_fwd_up,B,0.1250,11.602,1.4502,0,1.0000,0.00
crawl_fwd_up,B,0.1300,11.604,1.5085,0,1.0000,0.00
crawl_fwd_up,B,0.1350,11.599,1.5659,0,1.0000,0.00
crawl_fwd_up,B,0.1400,11.606,1.6249,0,1.0000,0.00
crawl_fwd_up,B,0.1450,11.603,1.6825,0,1.0000,0.00
crawl_fwd_up,B,0.1500,11.597,1.7395,0,1.0000,0.00
crawl_fwd_up,B,0.1550,11.604,1.7987,1,1.0000,0.53
crawl_fwd_up,B,0.1600,11.596,1.8554,0,1.0000,0.00
crawl_fwd_up,B,0.1650,11.606,1.9149,1,1.0000,0.53
crawl_fwd_up,B,0.1700,11.597,1.9715,0,1.0000,0.00
crawl_fwd_up,B,0.1750,11.603,2.0306,1,1.0000,0.53
crawl_fwd_up,B,0.1800,11.596,2.0872,0,1.0000,0.00
crawl_fwd_up,B,0.1850,11.600,2.1461,0,1.0000,0.00
crawl_fwd_up,B,0.1900,11.602,2.2044,0,1.0000,0.00
crawl_fwd_up,B,0.1950,11.588,2.2596,0,0.9999,0.00
crawl_fwd_up,B,0.2000,11.592,2.3184,0,1.0000,0.00
crawl_fwd_dn,B,0.2000,11.588,2.3176,0,1.0000,0.00
crawl_fwd_dn,B,0.1950,11.592,2.2605,0,1.0000,0.00
crawl_fwd_dn,B,0.1900,11.598,2.2036,0,1.0000,0.00
crawl_fwd_dn,B,0.1850,11.595,2.1451,0,1.0000,0.00
crawl_fwd_dn,B,0.1800,11.591,2.0864,0,1.0000,0.00
crawl_fwd_dn,B,0.1750,11.604,2.0307,0,1.0000,0.00
crawl_fwd_dn,B,0.1700,11.600,1.9719,0,1.0000,0.00
crawl_fwd_dn,B,0.1650,11.596,1.9133,0,1.0001,0.00
crawl_fwd_dn,B,0.1600,11.602,1.8563,0,1.0000,0.00
crawl_fwd_dn,B,0.1550,11.602,1.7983,0,1.0000,0.00
crawl_fwd_dn,B,0.1500,11.604,1.7407,0,1.0000,0.00
crawl_fwd_dn,B,0.1450,11.596,1.6814,0,1.0000,0.00
crawl_fwd_dn,B,0.1400,11.603,1.6244,0,1.0000,0.00
crawl_fwd_dn,B,0.1350,11.602,1.5663,0,1.0000,0.00
crawl_fwd_dn,B,0.1300,11.602,1.5083,0,1.0000,0.00
crawl_fwd_dn,B,0.1250,11.608,1.4510,0,1.0000,0.00
crawl_fwd_dn,B,0.1200,11.604,1.3925,0,1.0000,0.00
crawl_fwd_dn,B,0.1150,11.612,1.3353,0,1.0000,0.00
crawl_fwd_dn,B,0.1100,11.600,1.2760,0,1.0000,0.00
crawl_fwd_dn,B,0.1050,11.605,1.2185,0,1.0000,0.00
crawl_fwd_dn,B,0.1000,11.607,1.1607,0,1.0000,0.00
crawl_fwd_dn,B,0.0950,11.605,1.1025,0,1.0000,0.00
crawl_fwd_dn,B,0.0900,11.608,1.0447,0,1.0000,0.00
crawl_fwd_dn,B,0.0850,11.607,0.9866,0,1.0000,0.00
crawl_fwd_dn,B,0.0800,11.606,0.9285,0,0.9999,0.00
crawl_fwd_dn,B,0.0750,11.605,0.8704,0,1.0000,0.00
crawl_fwd_dn,B,0.0700,11.603,0.8122,0,1.0000,0.00
crawl_fwd_dn,B,0.0650,11.603,0.7542,0,1.0000,0.00
crawl_fwd_dn,B,0.0600,11.609,0.6966,0,1.0000,0.00
crawl_fwd_dn,B,0.0550,11.615,0.6388,0,1.0000,0.00
crawl_fwd_dn,B,0.0500,11.612,0.5806,0,1.0000,0.00
crawl_fwd_dn,B,0.0450,11.612,0.5225,0,1.0000,0.00
crawl_fwd_dn,B,0.0400,11.618,0.4647,0,1.0000,0.00
crawl_fwd_dn,B,0.0350,11.610,0.4064,0,1.0000,0.00
crawl_fwd_dn,B,0.0300,11.609,0.3483,0,1.0000,0.00
crawl_fwd_dn,B,0.0250,11.612,0.2903,0,1.0000,0.00
crawl_fwd_dn,B,0.0200,11.615,0.2323,0,1.0000,0.00
crawl_fwd_dn,B,0.0150,11.612,0.1742,0,1.0000,0.00
crawl_fwd_dn,B,0.0100,11.612,0.1161,0,1.0000,0.00
crawl_fwd_dn,B,0.0050,11.614,0.0581,0,1.0000,0.00
coarse_rev_up,B,-0.0500,11.616,-0.5808,0,1.0000,0.00
coarse_rev_up,B,-0.1000,11.608,-1.1608,0,1.0000,0.00
coarse_rev_up,B,-0.1500,11.610,-1.7415,0,1.0000,0.00
coarse_rev_up,B,-0.2000,11.601,-2.3202,0,1.0000,0.00
coarse_rev_up,B,-0.2500,11.572,-2.8930,0,1.0000,0.00
coarse_rev_up,B,-0.3000,11.581,-3.4744,-1285,1.0000,-683.30
coarse_rev_up,B,-0.3500,11.573,-4.0505,-1835,1.0000,-975.83
coarse_rev_up,B,-0.4000,11.564,-4.6256,-2179,1.0000,-1158.67
coarse_rev_up,B,-0.4500,11.567,-5.2052,-2440,1.0000,-1297.51
coarse_rev_up,B,-0.5000,11.555,-5.7775,-2634,1.0000,-1400.68
coarse_rev_up,B,-0.5500,11.551,-6.3530,-2810,1.0001,-1494.17
coarse_rev_up,B,-0.6000,11.549,-6.9293,-2953,1.0000,-1570.32
coarse_rev_up,B,-0.6500,11.548,-7.5065,-3074,1.0000,-1634.66
coarse_rev_up,B,-0.7000,11.553,-8.0869,-3175,1.0000,-1688.43
coarse_rev_up,B,-0.7500,11.543,-8.6572,-3267,1.0000,-1737.28
coarse_rev_up,B,-0.8000,11.554,-9.2434,-3374,1.0000,-1794.19
coarse_rev_up,B,-0.8500,11.544,-9.8127,-3438,1.0000,-1828.22
coarse_rev_up,B,-0.9000,11.544,-10.3892,-3504,1.0000,-1863.32
coarse_rev_up,B,-0.9500,11.544,-10.9664,-3572,1.0000,-1899.50
coarse_rev_up,B,-1.0000,11.541,-11.5410,-3803,1.0000,-2022.25
coarse_rev_dn,B,-1.0000,11.545,-11.5453,-3804,1.0000,-2022.78
coarse_rev_dn,B,-0.9500,11.547,-10.9698,-3573,1.0000,-1900.08
coarse_rev_dn,B,-0.9000,11.546,-10.3911,-3509,1.0000,-1865.93
coarse_rev_dn,B,-0.8500,11.543,-9.8116,-3445,1.0000,-1831.94
coarse_rev_dn,B,-0.8000,11.549,-9.2393,-3386,1.0000,-1800.57
coarse_rev_dn,B,-0.7500,11.543,-8.6573,-3311,1.0000,-1760.69
coarse_rev_dn,B,-0.7000,11.545,-8.0814,-3230,1.0000,-1717.67
coarse_rev_dn,B,-0.6500,11.551,-7.5082,-3143,1.0000,-1671.35
coarse_rev_dn,B,-0.6000,11.555,-6.9328,-3025,1.0000,-1608.65
coarse_rev_dn,B,-0.5500,11.556,-6.3558,-2887,1.0000,-1535.17
coarse_rev_dn,B,-0.5000,11.560,-5.7801,-2720,1.0000,-1446.36
coarse_rev_dn,B,-0.4500,11.555,-5.1997,-2512,1.0000,-1335.85
coarse_rev_dn,B,-0.4000,11.562,-4.6249,-2216,1.0000,-1178.40
coarse_rev_dn,B,-0.3500,11.570,-4.0494,-1897,1.0000,-1008.76
coarse_rev_dn,B,-0.3000,11.576,-3.4728,-1498,1.0000,-796.61
coarse_rev_dn,B,-0.2500,11.579,-2.8948,-1004,1.0000,-533.90
coarse_rev_dn,B,-0.2000,11.591,-2.3182,-397,1.0000,-211.12
coarse_rev_dn,B,-0.1500,11.599,-1.7399,0,1.0000,0.00
coarse_rev_dn,B,-0.1000,11.597,-1.1597,0,1.0000,0.00
coarse_rev_dn,B,-0.0500,11.609,-0.5804,0,1.0000,0.00
crawl_rev_up,B,-0.0050,11.607,-0.0580,0,1.0000,0.00
crawl_rev_up,B,-0.0100,11.610,-0.1161,0,1.0000,0.00
crawl_rev_up,B,-0.0150,11.611,-0.1742,0,1.0000,0.00
crawl_rev_up,B,-0.0200,11.609,-0.2322,0,1.0000,0.00
crawl_rev_up,B,-0.0250,11.610,-0.2903,0,1.0000,0.00
crawl_rev_up,B,-0.0300,11.612,-0.3484,0,1.0000,0.00
crawl_rev_up,B,-0.0350,11.613,-0.4065,0,1.0000,0.00
crawl_rev_up,B,-0.0400,11.607,-0.4643,0,1.0000,0.00
crawl_rev_up,B,-0.0450,11.609,-0.5224,0,1.0000,0.00
crawl_rev_up,B,-0.0500,11.608,-0.5804,0,1.0000,0.00
crawl_rev_up,B,-0.0550,11.602,-0.6381,0,1.0000,0.00
crawl_rev_up,B,-0.0600,11.605,-0.6963,0,1.0000,0.00
crawl_rev_up,B,-0.0650,11.605,-0.7543,0,1.0000,0.00
crawl_rev_up,B,-0.0700,11.608,-0.8126,0,1.0000,0.00
crawl_rev_up,B,-0.0750,11.601,-0.8701,0,1.0000,0.00
crawl_rev_up,B,-0.0800,11.603,-0.9283,0,1.0000,0.00
crawl_rev_up,B,-0.0850,11.606,-0.9865,0,1.0000,0.00
crawl_rev_up,B,-0.0900,11.613,-1.0452,0,1.0000,0.00
crawl_rev_up,B,-0.0950,11.602,-1.1022,0,1.0000,0.00
crawl_rev_up,B,-0.1000,11.610,-1.1610,0,1.0000,0.00
crawl_rev_up,B,-0.1050,11.603,-1.2183,0,1.0000,0.00
crawl_rev_up,B,-0.1100,11.605,-1.2765,0,1.0000,0.00
crawl_rev_up,B,-0.1150,11.607,-1.3348,0,1.0000,0.00
crawl_rev_up,B,-0.1200,11.597,-1.3917,0,1.0000,0.00
crawl_rev_up,B,-0.1250,11.598,-1.4497,0,1.0000,0.00
crawl_rev_up,B,-0.1300,11.596,-1.5075,0,1.0000,0.00
crawl_rev_up,B,-0.1350,11.594,-1.5651,0,1.0000,0.00
crawl_rev_up,B,-0.1400,11.595,-1.6234,0,1.0000,0.00
crawl_rev_up,B,-0.1450,11.597,-1.6815,0,1.0000,0.00
crawl_rev_up,B,-0.1500,11.591,-1.7386,0,1.0000,0.00
crawl_rev_up,B,-0.1550,11.593,-1.7970,0,1.0000,0.00
crawl_rev_up,B,-0.1600,11.598,-1.8557,0,1.0000,0.00
crawl_rev_up,B,-0.1650,11.597,-1.9135,0,1.0000,0.00
crawl_rev_up,B,-0.1700,11.598,-1.9716,0,1.0000,0.00
crawl_rev_up,B,-0.1750,11.595,-2.0292,0,1.0000,0.00
crawl_rev_up,B,-0.1800,11.593,-2.0868,0,1.0000,0.00
crawl_rev_up,B,-0.1850,11.597,-2.1455,0,1.0000,0.00
crawl_rev_up,B,-0.1900,11.596,-2.2033,0,1.0000,0.00
crawl_rev_up,B,-0.1950,11.586,-2.2592,0,1.0000,0.00
crawl_rev_up,B,-0.2000,11.576,-2.3152,-1,1.0000,-0.53
crawl_rev_dn,B,-0.2000,11.592,-2.3183,-265,1.0000,-140.92
crawl_rev_dn,B,-0.1950,11.586,-2.2593,-351,1.0000,-186.64
crawl_rev_dn,B,-0.1900,11.589,-2.2018,-291,1.0000,-154.74
crawl_rev_dn,B,-0.1850,11.593,-2.1446,-158,1.0000,-84.02
crawl_rev_dn,B,-0.1800,11.589,-2.0860,0,1.0000,0.00
crawl_rev_dn,B,-0.1750,11.593,-2.0288,0,1.0000,0.00
crawl_rev_dn,B,-0.1700,11.588,-1.9700,0,1.0000,0.00
crawl_rev_dn,B,-0.1650,11.595,-1.9132,0,1.0000,0.00
crawl_rev_dn,B,-0.1600,11.595,-1.8552,0,1.0000,0.00
crawl_rev_dn,B,-0.1550,11.592,-1.7967,0,1.0000,0.00
crawl_rev_dn,B,-0.1500,11.596,-1.7394,0,1.0000,0.00
crawl_rev_dn,B,-0.1450,11.601,-1.6822,0,1.0000,0.00
crawl_rev_dn,B,-0.1400,11.591,-1.6228,0,1.0000,0.00
crawl_rev_dn,B,-0.1350,11.596,-1.5655,0,1.0000,0.00
crawl_rev_dn,B,-0.1300,11.600,-1.5080,0,1.0000,0.00
crawl_rev_dn,B,-0.1250,11.596,-1.4495,0,1.0000,0.00
crawl_rev_dn,B,-0.1200,11.593,-1.3912,0,1.0000,0.00
crawl_rev_dn,B,-0.1150,11.597,-1.3337,0,1.0000,0.00
crawl_rev_dn,B,-0.1100,11.603,-1.2763,0,1.0000,0.00
crawl_rev_dn,B,-0.1050,11.603,-1.2183,0,1.0000,0.00
crawl_rev_dn,B,-0.1000,11.603,-1.1603,0,1.0000,0.00
crawl_rev_dn,B,-0.0950,11.603,-1.1023,0,1.0000,0.00
crawl_rev_dn,B,-0.0900,11.609,-1.0448,0,1.0000,0.00
crawl_rev_dn,B,-0.0850,11.605,-0.9864,0,1.0000,0.00
crawl_rev_dn,B,-0.0800,11.604,-0.9284,0,1.0000,0.00
crawl_rev_dn,B,-0.0750,11.604,-0.8703,0,1.0000,0.00
crawl_rev_dn,B,-0.0700,11.606,-0.8124,0,1.0000,0.00
crawl_rev_dn,B,-0.0650,11.603,-0.7542,0,1.0000,0.00
crawl_rev_dn,B,-0.0600,11.601,-0.6961,0,1.0000,0.00
crawl_rev_dn,B,-0.0550,11.611,-0.6386,0,1.0000,0.00
crawl_rev_dn,B,-0.0500,11.605,-0.5803,0,1.0000,0.00
crawl_rev_dn,B,-0.0450,11.611,-0.5225,0,1.0000,0.00
crawl_rev_dn,B,-0.0400,11.609,-0.4644,0,1.0000,0.00
crawl_rev_dn,B,-0.0350,11.607,-0.4063,0,1.0000,0.00
crawl_rev_dn,B,-0.0300,11.602,-0.3480,0,1.0000,0.00
crawl_rev_dn,B,-0.0250,11.606,-0.2901,0,1.0000,0.00
crawl_rev_dn,B,-0.0200,11.606,-0.2321,0,1.0000,0.00
crawl_rev_dn,B,-0.0150,11.603,-0.1741,0,1.0000,0.00
crawl_rev_dn,B,-0.0100,11.605,-0.1161,0,1.0000,0.00
crawl_rev_dn,B,-0.0050,11.607,-0.0580,0,1.0000,0.00
SWEEP_DONE
