tag,motor,duty,v_batt,v_eff,ticks,dt_s,mmps
coarse_fwd_up,A,0.0500,10.759,0.5379,0,1.0000,0.00
coarse_fwd_up,A,0.1000,10.741,1.0741,0,1.0000,0.00
coarse_fwd_up,A,0.1500,10.730,1.6095,1,1.0000,0.53
coarse_fwd_up,A,0.2000,10.714,2.1429,278,1.0000,147.83
coarse_fwd_up,A,0.2500,10.702,2.6756,1212,1.0000,644.50
coarse_fwd_up,A,0.3000,10.684,3.2052,1698,1.0000,902.94
coarse_fwd_up,A,0.3500,10.672,3.7354,2047,1.0000,1088.53
coarse_fwd_up,A,0.4000,10.667,4.2669,2311,1.0000,1228.92
coarse_fwd_up,A,0.4500,10.650,4.7927,2507,1.0000,1333.13
coarse_fwd_up,A,0.5000,10.652,5.3259,2668,1.0000,1418.81
coarse_fwd_up,A,0.5500,10.653,5.8589,2792,1.0000,1484.65
coarse_fwd_up,A,0.6000,10.646,6.3876,2895,1.0000,1539.47
coarse_fwd_up,A,0.6500,10.640,6.9162,2980,1.0000,1584.60
coarse_fwd_up,A,0.7000,10.637,7.4457,3049,1.0000,1621.34
coarse_fwd_up,A,0.7500,10.638,7.9788,3100,1.0000,1648.48
coarse_fwd_up,A,0.8000,10.636,8.5088,3146,1.0000,1672.88
coarse_fwd_up,A,0.8500,10.632,9.0376,3194,1.0000,1698.40
coarse_fwd_up,A,0.9000,10.641,9.5773,3252,1.0000,1729.38
coarse_fwd_up,A,0.9500,10.638,10.1065,3299,1.0000,1754.30
coarse_fwd_up,A,1.0000,10.626,10.6264,3422,1.0000,1819.74
coarse_fwd_dn,A,1.0000,10.639,10.6386,3426,1.0000,1821.84
coarse_fwd_dn,A,0.9500,10.638,10.1061,3300,0.9999,1754.91
coarse_fwd_dn,A,0.9000,10.640,9.5763,3261,1.0000,1734.10
coarse_fwd_dn,A,0.8500,10.633,9.0381,3235,1.0000,1720.21
coarse_fwd_dn,A,0.8000,10.650,8.5196,3193,1.0000,1697.95
coarse_fwd_dn,A,0.7500,10.647,7.9852,3144,1.0000,1671.83
coarse_fwd_dn,A,0.7000,10.650,7.4551,3098,1.0000,1647.48
coarse_fwd_dn,A,0.6500,10.655,6.9257,3036,1.0000,1614.45
coarse_fwd_dn,A,0.6000,10.657,6.3942,2964,1.0000,1576.13
coarse_fwd_dn,A,0.5500,10.657,5.8616,2875,1.0000,1528.78
coarse_fwd_dn,A,0.5000,10.665,5.3326,2762,1.0000,1468.75
coarse_fwd_dn,A,0.4500,10.662,4.7981,2625,1.0000,1395.89
coarse_fwd_dn,A,0.4000,10.675,4.2699,2446,0.9999,1300.80
coarse_fwd_dn,A,0.3500,10.677,3.7371,2220,1.0000,1180.52
coarse_fwd_dn,A,0.3000,10.686,3.2057,1887,1.0000,1003.44
coarse_fwd_dn,A,0.2500,10.703,2.6758,1477,1.0000,785.42
coarse_fwd_dn,A,0.2000,10.708,2.1416,965,1.0000,513.16
coarse_fwd_dn,A,0.1500,10.735,1.6103,265,1.0000,140.91
coarse_fwd_dn,A,0.1000,10.748,1.0748,0,1.0000,0.00
coarse_fwd_dn,A,0.0500,10.763,0.5381,0,1.0000,0.00
crawl_fwd_up,A,0.1500,10.731,1.6096,0,1.0000,0.00
crawl_fwd_up,A,0.1550,10.729,1.6629,0,1.0000,0.00
crawl_fwd_up,A,0.1600,10.709,1.7135,0,1.0000,0.00
crawl_fwd_up,A,0.1650,10.712,1.7675,0,1.0000,0.00
crawl_fwd_up,A,0.1700,10.706,1.8200,0,1.0000,0.00
crawl_fwd_up,A,0.1750,10.718,1.8756,328,1.0000,174.41
crawl_fwd_up,A,0.1800,10.721,1.9298,520,1.0000,276.52
crawl_fwd_up,A,0.1850,10.716,1.9824,594,1.0000,315.87
crawl_fwd_up,A,0.1900,10.718,2.0364,676,1.0000,359.48
crawl_fwd_up,A,0.1950,10.710,2.0885,758,1.0000,403.08
crawl_fwd_up,A,0.2000,10.711,2.1422,832,1.0000,442.45
crawl_fwd_up,A,0.2050,10.705,2.1946,908,1.0000,482.85
crawl_fwd_up,A,0.2100,10.715,2.2501,977,1.0000,519.53
crawl_fwd_up,A,0.2150,10.718,2.3044,1044,1.0000,555.15
crawl_fwd_up,A,0.2200,10.704,2.3548,1106,1.0000,588.14
crawl_fwd_up,A,0.2250,10.707,2.4091,1166,0.9999,620.07
crawl_fwd_up,A,0.2300,10.705,2.4622,1223,1.0000,650.38
crawl_fwd_up,A,0.2350,10.703,2.5153,1276,0.9999,678.57
crawl_fwd_up,A,0.2400,10.698,2.5674,1328,1.0000,706.18
crawl_fwd_up,A,0.2450,10.700,2.6214,1377,1.0000,732.25
crawl_fwd_up,A,0.2500,10.688,2.6721,1425,1.0000,757.77
crawl_fwd_up,A,0.2550,10.694,2.7269,1474,1.0000,783.85
crawl_fwd_up,A,0.2600,10.697,2.7812,1525,1.0000,810.92
crawl_fwd_up,A,0.2650,10.688,2.8322,1570,1.0000,834.88
crawl_fwd_up,A,0.2700,10.686,2.8851,1606,1.0000,854.02
crawl_fwd_up,A,0.2750,10.690,2.9398,1649,1.0000,876.89
crawl_fwd_up,A,0.2800,10.687,2.9924,1692,1.0000,899.75
crawl_fwd_up,A,0.2850,10.691,3.0470,1728,0.9999,918.94
crawl_fwd_up,A,0.2900,10.691,3.1004,1764,1.0000,938.04
crawl_fwd_up,A,0.2950,10.680,3.1507,1808,1.0000,961.44
crawl_fwd_up,A,0.3000,10.687,3.2060,1833,1.0000,974.70
crawl_fwd_up,A,0.3050,10.687,3.2596,1874,1.0000,996.53
crawl_fwd_up,A,0.3100,10.687,3.3129,1907,1.0000,1014.09
crawl_fwd_up,A,0.3150,10.680,3.3643,1944,1.0000,1033.76
crawl_fwd_up,A,0.3200,10.678,3.4168,1974,1.0000,1049.71
crawl_fwd_up,A,0.3250,10.675,3.4695,2010,1.0000,1068.86
crawl_fwd_up,A,0.3300,10.668,3.5203,2037,1.0000,1083.21
crawl_fwd_up,A,0.3350,10.683,3.5789,2071,1.0000,1101.33
crawl_fwd_up,A,0.3400,10.676,3.6300,2096,1.0000,1114.62
crawl_fwd_up,A,0.3450,10.677,3.6834,2128,1.0000,1131.60
crawl_fwd_up,A,0.3500,10.678,3.7373,2156,1.0000,1146.49
crawl_fwd_dn,A,0.3500,10.676,3.7367,2161,0.9999,1149.21
crawl_fwd_dn,A,0.3450,10.665,3.6796,2134,1.0000,1134.78
crawl_fwd_dn,A,0.3400,10.677,3.6303,2104,1.0000,1118.87
crawl_fwd_dn,A,0.3350,10.666,3.5733,2077,1.0000,1104.48
crawl_fwd_dn,A,0.3300,10.670,3.5211,2047,0.9999,1088.59
crawl_fwd_dn,A,0.3250,10.674,3.4692,2024,1.0000,1076.24
crawl_fwd_dn,A,0.3200,10.676,3.4162,2001,1.0000,1064.07
crawl_fwd_dn,A,0.3150,10.681,3.3644,1972,1.0000,1048.65
crawl_fwd_dn,A,0.3100,10.685,3.3123,1936,1.0000,1029.50
crawl_fwd_dn,A,0.3050,10.686,3.2593,1903,1.0000,1011.96
crawl_fwd_dn,A,0.3000,10.677,3.2031,1868,1.0000,993.35
crawl_fwd_dn,A,0.2950,10.677,3.1496,1832,1.0000,974.20
crawl_fwd_dn,A,0.2900,10.674,3.0956,1829,1.0000,972.60
crawl_fwd_dn,A,0.2850,10.688,3.0461,1762,1.0000,937.01
crawl_fwd_dn,A,0.2800,10.691,2.9935,1721,1.0000,915.15
crawl_fwd_dn,A,0.2750,10.692,2.9403,1682,1.0000,894.47
crawl_fwd_dn,A,0.2700,10.685,2.8850,1648,1.0000,876.38
crawl_fwd_dn,A,0.2650,10.691,2.8332,1596,1.0000,848.73
crawl_fwd_dn,A,0.2600,10.695,2.7806,1572,1.0000,835.94
crawl_fwd_dn,A,0.2550,10.695,2.7272,1520,1.0000,808.31
crawl_fwd_dn,A,0.2500,10.692,2.6729,1476,1.0000,784.89
crawl_fwd_dn,A,0.2450,10.702,2.6221,1427,1.0000,758.86
crawl_fwd_dn,A,0.2400,10.698,2.5676,1377,1.0000,732.22
crawl_fwd_dn,A,0.2350,10.699,2.5142,1325,0.9999,704.63
crawl_fwd_dn,A,0.2300,10.704,2.4619,1274,1.0000,677.45
crawl_fwd_dn,A,0.2250,10.699,2.4073,1223,0.9999,650.39
crawl_fwd_dn,A,0.2200,10.710,2.3561,1169,0.9999,621.67
crawl_fwd_dn,A,0.2150,10.708,2.3021,1115,1.0000,592.92
crawl_fwd_dn,A,0.2100,10.713,2.2496,1056,1.0000,561.55
crawl_fwd_dn,A,0.2050,10.705,2.1946,998,1.0000,530.72
crawl_fwd_dn,A,0.2000,10.714,2.1429,931,1.0000,495.08
crawl_fwd_dn,A,0.1950,10.710,2.0885,869,1.0000,462.09
crawl_fwd_dn,A,0.1900,10.714,2.0357,792,1.0000,421.15
crawl_fwd_dn,A,0.1850,10.714,1.9821,719,1.0000,382.35
crawl_fwd_dn,A,0.1800,10.713,1.9284,648,1.0000,344.59
crawl_fwd_dn,A,0.1750,10.716,1.8754,564,1.0000,299.92
crawl_fwd_dn,A,0.1700,10.712,1.8211,473,1.0000,251.52
crawl_fwd_dn,A,0.1650,10.719,1.7686,375,1.0000,199.41
crawl_fwd_dn,A,0.1600,10.722,1.7155,259,1.0000,137.73
crawl_fwd_dn,A,0.1550,10.717,1.6611,78,1.0000,41.48
crawl_fwd_dn,A,0.1500,10.719,1.6078,0,1.0000,0.00
coarse_rev_up,A,-0.0500,10.762,-0.5381,0,1.0000,0.00
coarse_rev_up,A,-0.1000,10.747,-1.0747,0,1.0000,0.00
coarse_rev_up,A,-0.1500,10.712,-1.6069,-1,1.0000,-0.53
coarse_rev_up,A,-0.2000,10.700,-2.1400,0,1.0000,0.00
coarse_rev_up,A,-0.2500,10.684,-2.6711,-806,1.0000,-428.61
coarse_rev_up,A,-0.3000,10.678,-3.2033,-1637,1.0000,-870.50
coarse_rev_up,A,-0.3500,10.666,-3.7333,-2033,1.0000,-1081.09
coarse_rev_up,A,-0.4000,10.661,-4.2644,-2310,1.0000,-1228.36
coarse_rev_up,A,-0.4500,10.656,-4.7952,-2521,1.0000,-1340.56
coarse_rev_up,A,-0.5000,10.651,-5.3256,-2683,0.9999,-1426.80
coarse_rev_up,A,-0.5500,10.640,-5.8522,-2804,1.0000,-1491.03
coarse_rev_up,A,-0.6000,10.634,-6.3805,-2904,1.0000,-1544.20
coarse_rev_up,A,-0.6500,10.642,-6.9171,-2988,1.0000,-1588.94
coarse_rev_up,A,-0.7000,10.631,-7.4415,-3061,1.0000,-1627.70
coarse_rev_up,A,-0.7500,10.628,-7.9709,-3123,1.0000,-1660.71
coarse_rev_up,A,-0.8000,10.640,-8.5121,-3181,1.0000,-1691.56
coarse_rev_up,A,-0.8500,10.627,-9.0334,-3240,1.0000,-1722.93
coarse_rev_up,A,-0.9000,10.630,-9.5672,-3286,1.0000,-1747.45
coarse_rev_up,A,-0.9500,10.632,-10.1000,-3327,1.0000,-1769.13
coarse_rev_up,A,-1.0000,10.622,-10.6223,-3459,1.0000,-1839.39
coarse_rev_dn,A,-1.0000,10.633,-10.6328,-3464,1.0000,-1842.04
coarse_rev_dn,A,-0.9500,10.635,-10.1032,-3334,1.0000,-1772.92
coarse_rev_dn,A,-0.9000,10.634,-9.5709,-3300,1.0000,-1754.90
coarse_rev_dn,A,-0.8500,10.642,-9.0454,-3259,1.0000,-1733.04
coarse_rev_dn,A,-0.8000,10.644,-8.5148,-3217,0.9999,-1710.82
coarse_rev_dn,A,-0.7500,10.636,-7.9774,-3167,1.0000,-1684.11
coarse_rev_dn,A,-0.7000,10.639,-7.4472,-3115,1.0000,-1656.46
coarse_rev_dn,A,-0.6500,10.648,-6.9212,-3052,1.0000,-1622.95
coarse_rev_dn,A,-0.6000,10.651,-6.3904,-2970,1.0000,-1579.29
coarse_rev_dn,A,-0.5500,10.646,-5.8554,-2875,1.0000,-1528.83
coarse_rev_dn,A,-0.5000,10.648,-5.3241,-2749,0.9999,-1461.93
coarse_rev_dn,A,-0.4500,10.654,-4.7941,-2615,0.9999,-1390.65
coarse_rev_dn,A,-0.4000,10.660,-4.2640,-2431,1.0000,-1292.69
coarse_rev_dn,A,-0.3500,10.675,-3.7363,-2196,1.0000,-1167.70
coarse_rev_dn,A,-0.3000,10.680,-3.2040,-1849,0.9999,-983.29
coarse_rev_dn,A,-0.2500,10.687,-2.6718,-1432,1.0000,-761.51
coarse_rev_dn,A,-0.2000,10.706,-2.1412,-891,1.0000,-473.79
coarse_rev_dn,A,-0.1500,10.720,-1.6080,-154,1.0000,-81.90
coarse_rev_dn,A,-0.1000,10.736,-1.0736,0,1.0000,0.00
coarse_rev_dn,A,-0.0500,10.754,-0.5377,0,1.0000,0.00
crawl_rev_up,A,-0.1500,10.716,-1.6074,0,1.0000,0.00
crawl_rev_up,A,-0.1550,10.714,-1.6607,0,1.0000,0.00
crawl_rev_up,A,-0.1600,10.713,-1.7141,0,1.0000,0.00
crawl_rev_up,A,-0.1650,10.709,-1.7670,0,1.0000,0.00
crawl_rev_up,A,-0.1700,10.707,-1.8201,0,1.0000,0.00
crawl_rev_up,A,-0.1750,10.703,-1.8731,0,1.0000,0.00
crawl_rev_up,A,-0.1800,10.695,-1.9251,0,1.0000,0.00
crawl_rev_up,A,-0.1850,10.692,-1.9781,0,1.0000,0.00
crawl_rev_up,A,-0.1900,10.693,-2.0316,0,1.0000,0.00
crawl_rev_up,A,-0.1950,10.695,-2.0856,0,1.0000,0.00
crawl_rev_up,A,-0.2000,10.690,-2.1380,0,1.0000,0.00
crawl_rev_up,A,-0.2050,10.696,-2.1928,0,1.0000,0.00
crawl_rev_up,A,-0.2100,10.691,-2.2452,0,1.0000,0.00
crawl_rev_up,A,-0.2150,10.691,-2.2985,0,1.0000,0.00
crawl_rev_up,A,-0.2200,10.689,-2.3517,-271,1.0000,-144.10
crawl_rev_up,A,-0.2250,10.703,-2.4081,-1031,1.0000,-548.25
crawl_rev_up,A,-0.2300,10.696,-2.4600,-1125,1.0000,-598.22
crawl_rev_up,A,-0.2350,10.685,-2.5110,-1194,1.0000,-634.92
crawl_rev_up,A,-0.2400,10.683,-2.5639,-1254,1.0000,-666.86
crawl_rev_up,A,-0.2450,10.696,-2.6204,-1307,0.9999,-695.08
crawl_rev_up,A,-0.2500,10.695,-2.6736,-1371,1.0000,-729.08
crawl_rev_up,A,-0.2550,10.685,-2.7247,-1409,1.0000,-749.26
crawl_rev_up,A,-0.2600,10.682,-2.7773,-1465,1.0000,-779.01
crawl_rev_up,A,-0.2650,10.686,-2.8319,-1510,1.0000,-802.97
crawl_rev_up,A,-0.2700,10.684,-2.8846,-1553,1.0000,-825.84
crawl_rev_up,A,-0.2750,10.692,-2.9402,-1598,1.0000,-849.75
crawl_rev_up,A,-0.2800,10.682,-2.9910,-1647,1.0000,-875.84
crawl_rev_up,A,-0.2850,10.686,-3.0455,-1689,1.0000,-898.19
crawl_rev_up,A,-0.2900,10.679,-3.0968,-1727,1.0000,-918.39
crawl_rev_up,A,-0.2950,10.678,-3.1502,-1770,1.0000,-941.23
crawl_rev_up,A,-0.3000,10.667,-3.2002,-1817,1.0000,-966.26
crawl_rev_up,A,-0.3050,10.681,-3.2577,-1857,1.0000,-987.50
crawl_rev_up,A,-0.3100,10.669,-3.3073,-1885,1.0000,-1002.36
crawl_rev_up,A,-0.3150,10.672,-3.3618,-1915,1.0000,-1018.34
crawl_rev_up,A,-0.3200,10.673,-3.4155,-1952,1.0000,-1038.01
crawl_rev_up,A,-0.3250,10.672,-3.4684,-1980,1.0000,-1052.90
crawl_rev_up,A,-0.3300,10.672,-3.5218,-2012,1.0000,-1069.96
crawl_rev_up,A,-0.3350,10.671,-3.5746,-2046,1.0000,-1088.00
crawl_rev_up,A,-0.3400,10.670,-3.6279,-2077,1.0000,-1104.45
crawl_rev_up,A,-0.3450,10.665,-3.6793,-2105,1.0000,-1119.37
crawl_rev_up,A,-0.3500,10.664,-3.7325,-2133,1.0000,-1134.26
crawl_rev_dn,A,-0.3500,10.664,-3.7324,-2129,1.0000,-1132.17
crawl_rev_dn,A,-0.3450,10.663,-3.6789,-2106,1.0000,-1119.90
crawl_rev_dn,A,-0.3400,10.662,-3.6249,-2075,1.0000,-1103.37
crawl_rev_dn,A,-0.3350,10.665,-3.5728,-2048,1.0000,-1089.06
crawl_rev_dn,A,-0.3300,10.674,-3.5224,-2022,0.9999,-1075.29
crawl_rev_dn,A,-0.3250,10.675,-3.4693,-1994,1.0000,-1060.35
crawl_rev_dn,A,-0.3200,10.684,-3.4190,-1966,1.0000,-1045.46
crawl_rev_dn,A,-0.3150,10.668,-3.3604,-1935,1.0000,-1029.00
crawl_rev_dn,A,-0.3100,10.671,-3.3081,-1904,1.0000,-1012.49
crawl_rev_dn,A,-0.3050,10.672,-3.2550,-1864,1.0000,-991.25
crawl_rev_dn,A,-0.3000,10.675,-3.2026,-1834,1.0000,-975.26
crawl_rev_dn,A,-0.2950,10.679,-3.1503,-1787,1.0000,-950.27
crawl_rev_dn,A,-0.2900,10.680,-3.0971,-1765,1.0000,-938.60
crawl_rev_dn,A,-0.2850,10.681,-3.0441,-1725,1.0000,-917.33
crawl_rev_dn,A,-0.2800,10.678,-2.9898,-1691,1.0000,-899.22
crawl_rev_dn,A,-0.2750,10.686,-2.9387,-1642,1.0000,-873.16
crawl_rev_dn,A,-0.2700,10.688,-2.8858,-1602,0.9999,-851.95
crawl_rev_dn,A,-0.2650,10.687,-2.8320,-1555,1.0000,-826.90
crawl_rev_dn,A,-0.2600,10.683,-2.7776,-1515,1.0000,-805.66
crawl_rev_dn,A,-0.2550,10.691,-2.7262,-1467,1.0000,-780.11
crawl_rev_dn,A,-0.2500,10.683,-2.6709,-1418,1.0000,-754.07
crawl_rev_dn,A,-0.2450,10.688,-2.6185,-1366,1.0000,-726.39
crawl_rev_dn,A,-0.2400,10.691,-2.5659,-1322,1.0000,-703.02
crawl_rev_dn,A,-0.2350,10.692,-2.5125,-1268,1.0000,-674.31
crawl_rev_dn,A,-0.2300,10.692,-2.4591,-1213,0.9999,-645.08
crawl_rev_dn,A,-0.2250,10.692,-2.4058,-1162,1.0000,-617.92
crawl_rev_dn,A,-0.2200,10.695,-2.3529,-1108,1.0000,-589.20
crawl_rev_dn,A,-0.2150,10.702,-2.3010,-1047,1.0000,-556.75
crawl_rev_dn,A,-0.2100,10.704,-2.2478,-998,1.0000,-530.72
crawl_rev_dn,A,-0.2050,10.710,-2.1955,-930,1.0000,-494.55
crawl_rev_dn,A,-0.2000,10.710,-2.1419,-867,0.9999,-461.07
crawl_rev_dn,A,-0.1950,10.707,-2.0879,-798,1.0000,-424.37
crawl_rev_dn,A,-0.1900,10.704,-2.0337,-722,1.0000,-383.93
crawl_rev_dn,A,-0.1850,10.705,-1.9804,-620,1.0000,-329.71
crawl_rev_dn,A,-0.1800,10.702,-1.9263,-529,1.0000,-281.31
crawl_rev_dn,A,-0.1750,10.712,-1.8747,-438,1.0000,-232.92
crawl_rev_dn,A,-0.1700,10.713,-1.8213,-351,1.0000,-186.65
crawl_rev_dn,A,-0.1650,10.708,-1.7668,-251,1.0000,-133.47
crawl_rev_dn,A,-0.1600,10.717,-1.7147,-177,1.0000,-94.12
crawl_rev_dn,A,-0.1550,10.725,-1.6624,0,1.0000,0.00
crawl_rev_dn,A,-0.1500,10.718,-1.6078,0,1.0000,0.00
coarse_fwd_up,B,0.0500,10.754,0.5377,0,1.0000,0.00
coarse_fwd_up,B,0.1000,10.737,1.0737,0,1.0000,0.00
coarse_fwd_up,B,0.1500,10.713,1.6069,0,1.0000,0.00
coarse_fwd_up,B,0.2000,10.703,2.1406,206,1.0000,109.54
coarse_fwd_up,B,0.2500,10.687,2.6718,1334,1.0000,709.38
coarse_fwd_up,B,0.3000,10.677,3.2032,1834,1.0000,975.30
coarse_fwd_up,B,0.3500,10.666,3.7333,2164,1.0000,1150.79
coarse_fwd_up,B,0.4000,10.665,4.2660,2411,1.0000,1282.10
coarse_fwd_up,B,0.4500,10.656,4.7951,2597,1.0000,1380.95
coarse_fwd_up,B,0.5000,10.648,5.3241,2751,1.0000,1462.89
coarse_fwd_up,B,0.5500,10.650,5.8577,2864,1.0000,1522.98
coarse_fwd_up,B,0.6000,10.646,6.3878,2956,1.0000,1571.91
coarse_fwd_up,B,0.6500,10.648,6.9215,3072,1.0000,1633.57
coarse_fwd_up,B,0.7000,10.648,7.4535,3143,1.0000,1671.36
coarse_fwd_up,B,0.7500,10.648,7.9864,3191,0.9999,1697.02
coarse_fwd_up,B,0.8000,10.632,8.5059,3237,1.0000,1721.34
coarse_fwd_up,B,0.8500,10.633,9.0379,3277,1.0000,1742.66
coarse_fwd_up,B,0.9000,10.638,9.5744,3313,1.0000,1761.81
coarse_fwd_up,B,0.9500,10.631,10.0992,3350,1.0000,1781.42
coarse_fwd_up,B,1.0000,10.635,10.6350,3475,1.0000,1847.96
coarse_fwd_dn,B,1.0000,10.619,10.6193,3475,1.0000,1847.96
coarse_fwd_dn,B,0.9500,10.636,10.1047,3349,1.0000,1780.86
coarse_fwd_dn,B,0.9000,10.641,9.5765,3310,1.0000,1760.16
coarse_fwd_dn,B,0.8500,10.630,9.0359,3274,1.0000,1740.95
coarse_fwd_dn,B,0.8000,10.639,8.5114,3235,1.0000,1720.22
coarse_fwd_dn,B,0.7500,10.649,7.9870,3188,1.0000,1695.28
coarse_fwd_dn,B,0.7000,10.626,7.4380,3135,1.0000,1667.13
coarse_fwd_dn,B,0.6500,10.636,6.9136,3070,1.0000,1632.53
coarse_fwd_dn,B,0.6000,10.648,6.3888,2993,1.0000,1591.58
coarse_fwd_dn,B,0.5500,10.645,5.8550,2903,1.0000,1543.73
coarse_fwd_dn,B,0.5000,10.645,5.3227,2788,1.0000,1482.57
coarse_fwd_dn,B,0.4500,10.657,4.7957,2646,1.0001,1406.96
coarse_fwd_dn,B,0.4000,10.663,4.2651,2459,1.0000,1307.66
coarse_fwd_dn,B,0.3500,10.671,3.7348,2223,1.0000,1182.12
coarse_fwd_dn,B,0.3000,10.674,3.2021,1908,1.0000,1014.61
coarse_fwd_dn,B,0.2500,10.684,2.6710,1456,1.0000,774.25
coarse_fwd_dn,B,0.2000,10.700,2.1399,899,1.0000,478.06
coarse_fwd_dn,B,0.1500,10.722,1.6083,231,1.0000,122.83
coarse_fwd_dn,B,0.1000,10.750,1.0750,0,1.0000,0.00
coarse_fwd_dn,B,0.0500,10.757,0.5378,0,0.9999,0.00
crawl_fwd_up,B,0.1500,10.715,1.6072,0,1.0000,0.00
crawl_fwd_up,B,0.1550,10.706,1.6595,0,1.0000,0.00
crawl_fwd_up,B,0.1600,10.713,1.7141,0,1.0000,0.00
crawl_fwd_up,B,0.1650,10.707,1.7666,0,1.0000,0.00
crawl_fwd_up,B,0.1700,10.699,1.8188,0,1.0000,0.00
crawl_fwd_up,B,0.1750,10.701,1.8728,0,1.0000,0.00
crawl_fwd_up,B,0.1800,10.689,1.9239,0,1.0000,0.00
crawl_fwd_up,B,0.1850,10.691,1.9779,0,1.0000,0.00
crawl_fwd_up,B,0.1900,10.693,2.0317,0,1.0000,0.00
crawl_fwd_up,B,0.1950,10.681,2.0828,0,1.0000,0.00
crawl_fwd_up,B,0.2000,10.689,2.1378,255,1.0000,135.60
crawl_fwd_up,B,0.2050,10.697,2.1928,914,1.0000,486.04
crawl_fwd_up,B,0.2100,10.697,2.2464,970,1.0000,515.81
crawl_fwd_up,B,0.2150,10.692,2.2988,1032,1.0000,548.78
crawl_fwd_up,B,0.2200,10.696,2.3532,1099,0.9999,584.45
crawl_fwd_up,B,0.2250,10.684,2.4040,1161,1.0000,617.36
crawl_fwd_up,B,0.2300,10.689,2.4584,1220,1.0000,648.76
crawl_fwd_up,B,0.2350,10.695,2.5133,1265,1.0000,672.69
crawl_fwd_up,B,0.2400,10.700,2.5679,1315,1.0000,699.30
crawl_fwd_up,B,0.2450,10.686,2.6180,1372,1.0000,729.56
crawl_fwd_up,B,0.2500,10.679,2.6697,1419,1.0000,754.56
crawl_fwd_up,B,0.2550,10.686,2.7248,1465,1.0000,779.04
crawl_fwd_up,B,0.2600,10.687,2.7785,1511,1.0000,803.52
crawl_fwd_up,B,0.2650,10.679,2.8299,1560,1.0000,829.56
crawl_fwd_up,B,0.2700,10.682,2.8841,1598,0.9999,849.81
crawl_fwd_up,B,0.2750,10.681,2.9374,1635,0.9999,869.48
crawl_fwd_up,B,0.2800,10.682,2.9911,1678,1.0000,892.34
crawl_fwd_up,B,0.2850,10.680,3.0437,1718,1.0000,913.58
crawl_fwd_up,B,0.2900,10.670,3.0943,1756,1.0000,933.75
crawl_fwd_up,B,0.2950,10.672,3.1483,1798,1.0000,956.15
crawl_fwd_up,B,0.3000,10.673,3.2018,1834,1.0000,975.23
crawl_fwd_up,B,0.3050,10.669,3.2541,1866,1.0000,992.24
crawl_fwd_up,B,0.3100,10.669,3.3075,1903,1.0000,1011.96
crawl_fwd_up,B,0.3150,10.661,3.3582,1933,1.0000,1027.87
crawl_fwd_up,B,0.3200,10.666,3.4130,1965,1.0001,1044.86
crawl_fwd_up,B,0.3250,10.671,3.4681,1993,1.0000,1059.81
crawl_fwd_up,B,0.3300,10.662,3.5186,2020,1.0000,1074.18
crawl_fwd_up,B,0.3350,10.663,3.5723,2062,1.0000,1096.51
crawl_fwd_up,B,0.3400,10.669,3.6275,2086,1.0000,1109.23
crawl_fwd_up,B,0.3450,10.657,3.6768,2115,1.0000,1124.73
crawl_fwd_up,B,0.3500,10.667,3.7333,2144,1.0000,1140.07
crawl_fwd_dn,B,0.3500,10.653,3.7285,2144,1.0000,1140.12
crawl_fwd_dn,B,0.3450,10.664,3.6792,2118,1.0000,1126.28
crawl_fwd_dn,B,0.3400,10.658,3.6238,2087,1.0000,1109.80
crawl_fwd_dn,B,0.3350,10.666,3.5730,2060,1.0000,1095.44
crawl_fwd_dn,B,0.3300,10.663,3.5188,2021,1.0000,1074.74
crawl_fwd_dn,B,0.3250,10.659,3.4641,1998,1.0000,1062.47
crawl_fwd_dn,B,0.3200,10.669,3.4140,1960,1.0000,1042.28
crawl_fwd_dn,B,0.3150,10.679,3.3639,1930,1.0000,1026.27
crawl_fwd_dn,B,0.3100,10.672,3.3085,1899,1.0000,1009.79
crawl_fwd_dn,B,0.3050,10.670,3.2543,1860,0.9999,989.14
crawl_fwd_dn,B,0.3000,10.653,3.1959,1821,1.0000,968.35
crawl_fwd_dn,B,0.2950,10.671,3.1479,1784,1.0000,948.64
crawl_fwd_dn,B,0.2900,10.677,3.0965,1747,1.0000,929.00
crawl_fwd_dn,B,0.2850,10.670,3.0410,1709,1.0000,908.79
crawl_fwd_dn,B,0.2800,10.682,2.9909,1668,1.0000,886.99
crawl_fwd_dn,B,0.2750,10.673,2.9351,1631,1.0000,867.32
crawl_fwd_dn,B,0.2700,10.683,2.8844,1581,1.0001,840.68
crawl_fwd_dn,B,0.2650,10.686,2.8317,1536,1.0000,816.82
crawl_fwd_dn,B,0.2600,10.679,2.7765,1490,1.0000,792.33
crawl_fwd_dn,B,0.2550,10.681,2.7237,1443,1.0000,767.37
crawl_fwd_dn,B,0.2500,10.687,2.6718,1392,1.0000,740.22
crawl_fwd_dn,B,0.2450,10.688,2.6185,1350,1.0000,717.89
crawl_fwd_dn,B,0.2400,10.683,2.5638,1293,1.0000,687.58
crawl_fwd_dn,B,0.2350,10.678,2.5094,1243,1.0000,660.99
crawl_fwd_dn,B,0.2300,10.683,2.4570,1192,1.0000,633.86
crawl_fwd_dn,B,0.2250,10.683,2.4037,1133,1.0000,602.49
crawl_fwd_dn,B,0.2200,10.689,2.3515,1076,1.0000,572.18
crawl_fwd_dn,B,0.2150,10.686,2.2974,1019,1.0000,541.87
crawl_fwd_dn,B,0.2100,10.697,2.2464,957,1.0000,508.89
crawl_fwd_dn,B,0.2050,10.695,2.1926,898,1.0000,477.53
crawl_fwd_dn,B,0.2000,10.698,2.1396,835,1.0000,444.03
crawl_fwd_dn,B,0.1950,10.708,2.0881,777,1.0000,413.18
crawl_fwd_dn,B,0.1900,10.708,2.0345,705,1.0000,374.90
crawl_fwd_dn,B,0.1850,10.711,1.9816,646,1.0000,343.50
crawl_fwd_dn,B,0.1800,10.709,1.9275,581,0.9999,308.97
crawl_fwd_dn,B,0.1750,10.712,1.8746,515,0.9999,273.88
crawl_fwd_dn,B,0.1700,10.711,1.8209,452,1.0000,240.36
crawl_fwd_dn,B,0.1650,10.707,1.7666,387,1.0000,205.79
crawl_fwd_dn,B,0.1600,10.708,1.7133,320,1.0000,170.17
crawl_fwd_dn,B,0.1550,10.724,1.6622,264,1.0000,140.39
crawl_fwd_dn,B,0.1500,10.719,1.6079,210,1.0000,111.67
coarse_rev_up,B,-0.0500,10.750,-0.5375,0,1.0000,0.00
coarse_rev_up,B,-0.1000,10.738,-1.0738,0,1.0000,0.00
coarse_rev_up,B,-0.1500,10.724,-1.6086,-2,1.0000,-1.06
coarse_rev_up,B,-0.2000,10.692,-2.1384,-685,1.0000,-364.26
coarse_rev_up,B,-0.2500,10.687,-2.6718,-1339,1.0000,-712.04
coarse_rev_up,B,-0.3000,10.668,-3.2005,-1775,1.0000,-943.89
coarse_rev_up,B,-0.3500,10.660,-3.7312,-2102,1.0000,-1117.78
coarse_rev_up,B,-0.4000,10.650,-4.2598,-2346,1.0000,-1247.53
coarse_rev_up,B,-0.4500,10.644,-4.7896,-2537,1.0000,-1349.05
coarse_rev_up,B,-0.5000,10.648,-5.3238,-2690,1.0001,-1430.31
coarse_rev_up,B,-0.5500,10.642,-5.8530,-2804,1.0000,-1491.13
coarse_rev_up,B,-0.6000,10.636,-6.3818,-2899,1.0000,-1541.65
coarse_rev_up,B,-0.6500,10.642,-6.9173,-3012,1.0000,-1601.65
coarse_rev_up,B,-0.7000,10.632,-7.4421,-3078,1.0000,-1636.73
coarse_rev_up,B,-0.7500,10.638,-7.9783,-3143,1.0000,-1671.38
coarse_rev_up,B,-0.8000,10.630,-8.5037,-3180,1.0000,-1691.00
coarse_rev_up,B,-0.8500,10.627,-9.0326,-3221,1.0000,-1712.82
coarse_rev_up,B,-0.9000,10.631,-9.5678,-3258,1.0000,-1732.41
coarse_rev_up,B,-0.9500,10.630,-10.0986,-3298,1.0000,-1753.84
coarse_rev_up,B,-1.0000,10.621,-10.6206,-3423,1.0001,-1820.13
coarse_rev_dn,B,-1.0000,10.623,-10.6230,-3423,1.0000,-1820.24
coarse_rev_dn,B,-0.9500,10.627,-10.0953,-3300,1.0000,-1754.84
coarse_rev_dn,B,-0.9000,10.633,-9.5698,-3262,1.0000,-1734.63
coarse_rev_dn,B,-0.8500,10.628,-9.0335,-3227,1.0000,-1716.02
coarse_rev_dn,B,-0.8000,10.638,-8.5106,-3187,1.0000,-1694.69
coarse_rev_dn,B,-0.7500,10.631,-7.9730,-3144,1.0000,-1671.82
coarse_rev_dn,B,-0.7000,10.629,-7.4406,-3086,1.0000,-1641.04
coarse_rev_dn,B,-0.6500,10.632,-6.9108,-3022,1.0000,-1607.06
coarse_rev_dn,B,-0.6000,10.645,-6.3870,-2946,1.0000,-1566.59
coarse_rev_dn,B,-0.5500,10.644,-5.8544,-2852,1.0000,-1516.65
coarse_rev_dn,B,-0.5000,10.646,-5.3231,-2748,1.0000,-1461.25
coarse_rev_dn,B,-0.4500,10.650,-4.7924,-2592,1.0000,-1378.34
coarse_rev_dn,B,-0.4000,10.656,-4.2623,-2408,1.0000,-1280.50
coarse_rev_dn,B,-0.3500,10.653,-3.7287,-2177,1.0000,-1157.66
coarse_rev_dn,B,-0.3000,10.669,-3.2008,-1818,1.0000,-966.75
coarse_rev_dn,B,-0.2500,10.677,-2.6691,-1400,1.0000,-744.48
coarse_rev_dn,B,-0.2000,10.690,-2.1380,-862,1.0000,-458.39
coarse_rev_dn,B,-0.1500,10.714,-1.6071,-176,1.0000,-93.59
coarse_rev_dn,B,-0.1000,10.737,-1.0737,0,1.0000,0.00
coarse_rev_dn,B,-0.0500,10.746,-0.5373,0,1.0000,0.00
crawl_rev_up,B,-0.1500,10.718,-1.6077,0,1.0000,0.00
crawl_rev_up,B,-0.1550,10.716,-1.6609,0,1.0000,0.00
crawl_rev_up,B,-0.1600,10.713,-1.7141,0,1.0000,0.00
crawl_rev_up,B,-0.1650,10.718,-1.7684,0,1.0000,0.00
crawl_rev_up,B,-0.1700,10.708,-1.8204,0,1.0000,0.00
crawl_rev_up,B,-0.1750,10.703,-1.8731,0,1.0000,0.00
crawl_rev_up,B,-0.1800,10.700,-1.9260,0,1.0000,0.00
crawl_rev_up,B,-0.1850,10.698,-1.9791,-1,1.0000,-0.53
crawl_rev_up,B,-0.1900,10.700,-2.0330,0,1.0000,0.00
crawl_rev_up,B,-0.1950,10.691,-2.0848,0,1.0000,0.00
crawl_rev_up,B,-0.2000,10.679,-2.1358,0,1.0000,0.00
crawl_rev_up,B,-0.2050,10.667,-2.1867,0,1.0000,0.00
crawl_rev_up,B,-0.2100,10.687,-2.2443,-294,1.0000,-156.33
crawl_rev_up,B,-0.2150,10.698,-2.3001,-1090,1.0000,-579.61
crawl_rev_up,B,-0.2200,10.690,-2.3517,-1149,1.0000,-610.98
crawl_rev_up,B,-0.2250,10.680,-2.4030,-1177,1.0000,-625.89
crawl_rev_up,B,-0.2300,10.686,-2.4577,-1218,1.0000,-647.72
crawl_rev_up,B,-0.2350,10.683,-2.5106,-1264,1.0000,-672.13
crawl_rev_up,B,-0.2400,10.683,-2.5639,-1307,1.0001,-694.98
crawl_rev_up,B,-0.2450,10.675,-2.6154,-1353,1.0000,-719.48
crawl_rev_up,B,-0.2500,10.678,-2.6696,-1392,1.0000,-740.22
crawl_rev_up,B,-0.2550,10.684,-2.7243,-1436,1.0000,-763.62
crawl_rev_up,B,-0.2600,10.678,-2.7763,-1485,0.9999,-789.72
crawl_rev_up,B,-0.2650,10.684,-2.8313,-1527,1.0000,-812.01
crawl_rev_up,B,-0.2700,10.678,-2.8831,-1567,1.0000,-833.31
crawl_rev_up,B,-0.2750,10.677,-2.9361,-1612,1.0000,-857.21
crawl_rev_up,B,-0.2800,10.677,-2.9896,-1650,1.0000,-877.39
crawl_rev_up,B,-0.2850,10.676,-3.0428,-1692,1.0000,-899.72
crawl_rev_up,B,-0.2900,10.678,-3.0965,-1726,1.0000,-917.79
crawl_rev_up,B,-0.2950,10.673,-3.1485,-1772,1.0000,-942.25
crawl_rev_up,B,-0.3000,10.672,-3.2016,-1810,0.9999,-962.59
crawl_rev_up,B,-0.3050,10.660,-3.2513,-1832,1.0000,-974.23
crawl_rev_up,B,-0.3100,10.666,-3.3063,-1876,1.0000,-997.56
crawl_rev_up,B,-0.3150,10.661,-3.3583,-1912,1.0000,-1016.74
crawl_rev_up,B,-0.3200,10.665,-3.4128,-1945,1.0000,-1034.29
crawl_rev_up,B,-0.3250,10.667,-3.4669,-1980,1.0000,-1052.90
crawl_rev_up,B,-0.3300,10.665,-3.5195,-2000,1.0000,-1063.54
crawl_rev_up,B,-0.3350,10.665,-3.5726,-2034,1.0000,-1081.62
crawl_rev_up,B,-0.3400,10.663,-3.6253,-2066,1.0000,-1098.64
crawl_rev_up,B,-0.3450,10.662,-3.6785,-2095,1.0000,-1114.02
crawl_rev_up,B,-0.3500,10.662,-3.7318,-2122,1.0000,-1128.45
crawl_rev_dn,B,-0.3500,10.654,-3.7290,-2125,1.0000,-1130.01
crawl_rev_dn,B,-0.3450,10.656,-3.6762,-2097,1.0000,-1115.08
crawl_rev_dn,B,-0.3400,10.660,-3.6246,-2070,1.0000,-1100.76
crawl_rev_dn,B,-0.3350,10.658,-3.5703,-2038,1.0000,-1083.75
crawl_rev_dn,B,-0.3300,10.659,-3.5175,-2004,1.0000,-1065.65
crawl_rev_dn,B,-0.3250,10.662,-3.4650,-1976,1.0000,-1050.77
crawl_rev_dn,B,-0.3200,10.662,-3.4118,-1942,1.0000,-1032.66
crawl_rev_dn,B,-0.3150,10.671,-3.3614,-1911,1.0000,-1016.17
crawl_rev_dn,B,-0.3100,10.664,-3.3059,-1879,1.0000,-999.19
crawl_rev_dn,B,-0.3050,10.665,-3.2528,-1833,1.0000,-974.70
crawl_rev_dn,B,-0.3000,10.658,-3.1974,-1822,1.0000,-968.91
crawl_rev_dn,B,-0.2950,10.666,-3.1466,-1766,1.0000,-939.07
crawl_rev_dn,B,-0.2900,10.674,-3.0955,-1735,1.0000,-922.64
crawl_rev_dn,B,-0.2850,10.675,-3.0424,-1695,1.0000,-901.32
crawl_rev_dn,B,-0.2800,10.679,-2.9900,-1655,1.0000,-880.08
crawl_rev_dn,B,-0.2750,10.676,-2.9360,-1610,1.0000,-856.15
crawl_rev_dn,B,-0.2700,10.664,-2.8792,-1570,1.0000,-834.85
crawl_rev_dn,B,-0.2650,10.675,-2.8289,-1522,1.0000,-809.33
crawl_rev_dn,B,-0.2600,10.681,-2.7771,-1477,1.0000,-785.42
crawl_rev_dn,B,-0.2550,10.664,-2.7192,-1428,0.9999,-759.41
crawl_rev_dn,B,-0.2500,10.671,-2.6676,-1374,1.0000,-730.62
crawl_rev_dn,B,-0.2450,10.678,-2.6160,-1332,1.0000,-708.32
crawl_rev_dn,B,-0.2400,10.681,-2.5636,-1278,1.0000,-679.60
crawl_rev_dn,B,-0.2350,10.681,-2.5102,-1225,1.0000,-651.44
crawl_rev_dn,B,-0.2300,10.690,-2.4587,-1173,1.0000,-623.77
crawl_rev_dn,B,-0.2250,10.693,-2.4058,-1117,1.0000,-593.97
crawl_rev_dn,B,-0.2200,10.695,-2.3529,-1059,1.0000,-563.14
crawl_rev_dn,B,-0.2150,10.689,-2.2981,-1004,1.0000,-533.90
crawl_rev_dn,B,-0.2100,10.696,-2.2463,-947,1.0000,-503.59
crawl_rev_dn,B,-0.2050,10.698,-2.1930,-877,1.0000,-466.38
crawl_rev_dn,B,-0.2000,10.687,-2.1373,-815,1.0000,-433.41
crawl_rev_dn,B,-0.1950,10.692,-2.0849,-752,1.0000,-399.89
crawl_rev_dn,B,-0.1900,10.698,-2.0326,-686,1.0000,-364.80
crawl_rev_dn,B,-0.1850,10.702,-1.9798,-615,1.0000,-327.04
crawl_rev_dn,B,-0.1800,10.700,-1.9260,-553,1.0000,-294.07
crawl_rev_dn,B,-0.1750,10.698,-1.8722,-486,1.0000,-258.44
crawl_rev_dn,B,-0.1700,10.702,-1.8194,-411,1.0000,-218.56
crawl_rev_dn,B,-0.1650,10.702,-1.7658,-342,1.0000,-181.86
crawl_rev_dn,B,-0.1600,10.706,-1.7129,-271,0.9999,-144.12
crawl_rev_dn,B,-0.1550,10.718,-1.6613,-224,1.0001,-119.11
crawl_rev_dn,B,-0.1500,10.716,-1.6074,-2,1.0000,-1.06
